5866 9907
5866.01 9905
5866.02 9902
5866.032 9898
5866.042 9894
5866.054 9886
5866.064 9881
5866.076 9874
5866.086 9869
5866.098 9864
5866.108 9862
5866.118 9861
5866.13 9861
5866.14 9858
5866.152 9850
5866.162 9835
5866.174 9807
5866.184 9777
5866.194 9742
5866.206 9700
5866.216 9671
5866.228 9649
5866.238 9644
5866.25 9655
5866.26 9675
5866.27 9700
5866.282 9733
5866.292 9754
5866.304 9776
5866.314 9788
5866.326 9778
5866.336 9727
5866.348 9631
5866.358 9530
5866.368 9376
5866.38 9080
5866.39 8696
5866.402 8013
5866.412 7350
5866.424 6527
5866.434 5912
5866.444 5499
5866.456 5354
5866.466 5560
5866.478 6208
5866.488 6874
5866.5 7717
5866.51 8333
5866.52 8787
5866.532 9189
5866.542 9398
5866.554 9565
5866.564 9655
5866.576 9731
5866.586 9778
5866.598 9817
5866.608 9837
5866.618 9849
5866.63 9854
5866.64 9856
5866.652 9860
5866.662 9867
5866.674 9877
5866.684 9886
5866.694 9894
5866.706 9899
5866.716 9902
5866.728 9905
5866.738 9906
5866.75 9904
5866.76 9899
5866.77 9894
5866.782 9891
5866.792 9891
5866.804 9892
5866.814 9894
5866.826 9895
5866.836 9896
5866.848 9897
5866.858 9896
5866.868 9893
5866.88 9888
5866.89 9885
5866.902 9878
5866.912 9869
5866.924 9853
5866.934 9837
5866.944 9821
5866.956 9800
5866.966 9782
5866.978 9761
5866.988 9745
5867 9726
5867.01 9709
5867.02 9687
5867.032 9651
5867.042 9615
5867.054 9567
5867.064 9536
5867.076 9521
5867.086 9530
5867.098 9558
5867.108 9593
5867.118 9636
5867.13 9691
5867.14 9732
5867.152 9775
5867.162 9799
5867.174 9821
5867.184 9834
5867.194 9844
5867.206 9852
5867.216 9854
5867.228 9855
5867.238 9854
5867.25 9854
5867.26 9854
5867.27 9857
5867.282 9862
5867.292 9864
5867.304 9867
5867.314 9869
5867.326 9872
5867.336 9874
5867.348 9875
5867.358 9874
5867.368 9872
5867.38 9872
5867.39 9870
5867.402 9864
5867.412 9856
5867.424 9842
5867.434 9822
5867.444 9791
5867.456 9738
5867.466 9677
5867.478 9597
5867.488 9462
5867.5 9255
5867.51 9027
5867.52 8744
5867.532 8362
5867.542 8054
5867.554 7806
5867.564 7705
5867.576 7800
5867.586 7986
5867.598 8325
5867.608 8659
5867.618 8964
5867.63 9240
5867.64 9403
5867.652 9555
5867.662 9633
5867.674 9696
5867.684 9737
5867.694 9766
5867.706 9792
5867.716 9805
5867.728 9811
5867.738 9812
5867.75 9809
5867.76 9805
5867.77 9799
5867.782 9797
5867.792 9797
5867.804 9800
5867.814 9807
5867.826 9814
5867.836 9819
5867.848 9825
5867.858 9828
5867.868 9831
5867.88 9833
5867.89 9831
5867.902 9826
5867.912 9819
5867.924 9812
5867.934 9807
5867.944 9806
5867.956 9805
5867.966 9808
5867.978 9812
5867.988 9816
5868 9822
5868.01 9827
5868.02 9832
5868.032 9837
5868.042 9840
5868.054 9839
5868.064 9838
5868.076 9834
5868.086 9830
5868.098 9822
5868.108 9811
5868.118 9799
5868.13 9786
5868.14 9779
5868.152 9777
5868.162 9780
5868.174 9785
5868.184 9791
5868.194 9798
5868.206 9802
5868.216 9804
5868.228 9803
5868.238 9802
5868.25 9804
5868.26 9809
5868.27 9817
5868.282 9826
5868.292 9834
5868.304 9843
5868.314 9853
5868.326 9864
5868.336 9872
5868.348 9878
5868.358 9882
5868.368 9887
5868.38 9892
5868.39 9894
5868.402 9891
5868.412 9886
5868.424 9882
5868.434 9880
5868.444 9882
5868.456 9885
5868.466 9889
5868.478 9893
5868.488 9897
5868.5 9900
5868.51 9900
5868.52 9901
5868.532 9900
5868.542 9901
5868.554 9901
5868.564 9900
5868.576 9898
5868.586 9899
5868.598 9903
5868.608 9907
5868.618 9911
5868.63 9914
5868.64 9915
5868.652 9917
5868.662 9917
5868.674 9914
5868.684 9909
5868.694 9903
5868.706 9894
5868.716 9886
5868.728 9877
5868.738 9870
5868.75 9863
5868.76 9860
5868.77 9860
5868.782 9862
5868.792 9863
5868.804 9861
5868.814 9858
5868.826 9858
5868.836 9861
5868.848 9865
5868.858 9868
5868.868 9869
5868.88 9872
5868.89 9875
5868.902 9880
5868.912 9880
5868.924 9877
5868.934 9872
5868.944 9865
5868.956 9857
5868.966 9852
5868.978 9843
5868.988 9836
5869 9825
5869.01 9813
5869.02 9799
5869.032 9782
5869.042 9768
5869.054 9750
5869.064 9737
5869.076 9725
5869.086 9720
5869.098 9721
5869.108 9725
5869.118 9733
5869.13 9742
5869.14 9748
5869.152 9752
5869.162 9757
5869.174 9767
5869.184 9779
5869.194 9792
5869.206 9802
5869.216 9807
5869.228 9811
5869.238 9812
5869.25 9812
5869.26 9813
5869.27 9817
5869.282 9824
5869.292 9831
5869.304 9841
5869.314 9848
5869.326 9858
5869.336 9865
5869.348 9870
5869.358 9872
5869.368 9872
5869.38 9874
5869.39 9876
5869.402 9879
5869.412 9879
5869.424 9878
5869.434 9877
5869.444 9874
5869.456 9871
5869.466 9869
5869.478 9866
5869.488 9865
5869.5 9864
5869.51 9864
5869.52 9864
5869.532 9861
5869.542 9856
5869.554 9848
5869.564 9839
5869.576 9826
5869.586 9813
5869.598 9798
5869.608 9787
5869.618 9776
5869.63 9765
5869.64 9755
5869.652 9741
5869.662 9728
5869.674 9713
5869.684 9703
5869.694 9696
5869.706 9698
5869.716 9707
5869.728 9723
5869.738 9741
5869.75 9764
5869.76 9782
5869.77 9796
5869.782 9811
5869.792 9822
5869.804 9836
5869.814 9848
5869.826 9860
5869.836 9870
5869.848 9879
5869.858 9884
5869.868 9887
5869.88 9889
5869.89 9892
5869.902 9898
5869.912 9902
5869.924 9904
5869.934 9903
5869.944 9904
5869.956 9902
5869.966 9899
5869.978 9891
5869.988 9884
5870 9880
5870.01 9881
5870.02 9884
5870.032 9886
5870.042 9889
5870.054 9893
5870.064 9895
5870.076 9895
5870.086 9891
5870.098 9887
5870.108 9885
5870.118 9887
5870.13 9895
5870.14 9902
5870.152 9906
5870.162 9908
5870.174 9908
5870.184 9907
5870.194 9905
5870.206 9906
5870.216 9909
5870.228 9914
5870.238 9917
5870.25 9920
5870.26 9921
5870.27 9918
5870.282 9912
5870.292 9908
5870.304 9905
5870.314 9905
5870.326 9906
5870.336 9906
5870.348 9909
5870.358 9911
5870.368 9915
5870.38 9922
5870.39 9928
5870.402 9933
5870.412 9936
5870.424 9935
5870.434 9934
5870.444 9931
5870.456 9928
5870.466 9924
5870.478 9917
5870.488 9910
5870.5 9905
5870.51 9904
5870.52 9904
5870.532 9904
5870.542 9903
5870.554 9899
5870.564 9892
5870.576 9884
5870.586 9873
5870.598 9859
5870.608 9844
5870.618 9829
5870.63 9822
5870.64 9823
5870.652 9830
5870.662 9838
5870.674 9846
5870.684 9852
5870.694 9857
5870.706 9864
5870.716 9869
5870.728 9871
5870.738 9870
5870.75 9863
5870.76 9855
5870.77 9846
5870.782 9842
5870.792 9842
5870.804 9846
5870.814 9852
5870.826 9863
5870.836 9870
5870.848 9877
5870.858 9880
5870.868 9886
5870.88 9894
5870.89 9898
5870.902 9896
5870.912 9891
5870.924 9883
5870.934 9879
5870.944 9876
5870.956 9875
5870.966 9876
5870.978 9879
5870.988 9882
5871 9887
5871.01 9890
5871.02 9893
5871.032 9896
5871.042 9897
5871.054 9897
5871.064 9896
5871.076 9895
5871.086 9890
5871.098 9882
5871.108 9876
5871.118 9871
5871.13 9867
5871.14 9862
5871.152 9854
5871.162 9849
5871.174 9847
5871.184 9844
5871.194 9839
5871.206 9829
5871.216 9814
5871.228 9789
5871.238 9759
5871.25 9715
5871.26 9669
5871.27 9618
5871.282 9553
5871.292 9521
5871.304 9521
5871.314 9550
5871.326 9603
5871.336 9654
5871.348 9711
5871.358 9752
5871.368 9788
5871.38 9820
5871.39 9839
5871.402 9856
5871.412 9864
5871.424 9868
5871.434 9871
5871.444 9871
5871.456 9873
5871.466 9877
5871.478 9881
5871.488 9882
5871.5 9880
5871.51 9877
5871.52 9876
5871.532 9876
5871.542 9875
5871.554 9874
5871.564 9874
5871.576 9874
5871.586 9875
5871.598 9876
5871.608 9878
5871.618 9880
5871.63 9883
5871.64 9888
5871.652 9891
5871.662 9892
5871.674 9893
5871.684 9893
5871.694 9891
5871.706 9886
5871.716 9882
5871.728 9876
5871.738 9870
5871.75 9860
5871.76 9850
5871.77 9842
5871.782 9839
5871.792 9844
5871.804 9852
5871.814 9861
5871.826 9867
5871.836 9869
5871.848 9868
5871.858 9867
5871.868 9868
5871.88 9873
5871.89 9879
5871.902 9883
5871.912 9884
5871.924 9882
5871.934 9878
5871.944 9876
5871.956 9872
5871.966 9870
5871.978 9868
5871.988 9865
5872 9863
5872.01 9863
5872.02 9864
5872.032 9870
5872.042 9876
5872.054 9881
5872.064 9883
5872.076 9884
5872.086 9885
5872.098 9888
5872.108 9891
5872.118 9892
5872.13 9891
5872.14 9888
5872.152 9886
5872.162 9885
5872.174 9883
5872.184 9881
5872.194 9879
5872.206 9875
5872.216 9870
5872.228 9866
5872.238 9864
5872.25 9866
5872.26 9868
5872.27 9870
5872.282 9875
5872.292 9877
5872.304 9879
5872.314 9878
5872.326 9881
5872.336 9885
5872.348 9889
5872.358 9893
5872.368 9895
5872.38 9894
5872.39 9890
5872.402 9882
5872.412 9875
5872.424 9869
5872.434 9865
5872.444 9865
5872.456 9867
5872.466 9871
5872.478 9875
5872.488 9877
5872.5 9877
5872.51 9875
5872.52 9875
5872.532 9876
5872.542 9883
5872.554 9894
5872.564 9904
5872.576 9909
5872.586 9908
5872.598 9904
5872.608 9900
5872.618 9898
5872.63 9894
5872.64 9889
5872.652 9883
5872.662 9879
5872.674 9874
5872.684 9869
5872.694 9864
5872.706 9857
5872.716 9854
5872.728 9852
5872.738 9849
5872.75 9842
5872.76 9833
5872.77 9824
5872.782 9815
5872.792 9811
5872.804 9810
5872.814 9810
5872.826 9812
5872.836 9814
5872.848 9815
5872.858 9813
5872.868 9808
5872.88 9798
5872.89 9790
5872.902 9779
5872.912 9772
5872.924 9767
5872.934 9766
5872.944 9764
5872.956 9762
5872.966 9760
5872.978 9761
5872.988 9761
5873 9759
5873.01 9753
5873.02 9740
5873.032 9716
5873.042 9688
5873.054 9648
5873.064 9611
5873.076 9568
5873.086 9538
5873.098 9512
5873.108 9496
5873.118 9480
5873.13 9446
5873.14 9403
5873.152 9310
5873.162 9173
5873.174 8904
5873.184 8658
5873.194 8417
5873.206 8249
5873.216 8244
5873.228 8403
5873.238 8629
5873.25 8946
5873.26 9179
5873.27 9364
5873.282 9527
5873.292 9624
5873.304 9710
5873.314 9762
5873.326 9804
5873.336 9827
5873.348 9846
5873.358 9855
5873.368 9859
5873.38 9861
5873.39 9860
5873.402 9859
5873.412 9859
5873.424 9861
5873.434 9866
5873.444 9874
5873.456 9879
5873.466 9881
5873.478 9880
5873.488 9878
5873.5 9870
5873.51 9865
5873.52 9859
5873.532 9852
5873.542 9844
5873.554 9835
5873.564 9831
5873.576 9835
5873.586 9843
5873.598 9852
5873.608 9857
5873.618 9857
5873.63 9852
5873.64 9841
5873.652 9823
5873.662 9802
5873.674 9768
5873.684 9730
5873.694 9686
5873.706 9616
5873.716 9551
5873.728 9471
5873.738 9413
5873.75 9361
5873.76 9339
5873.77 9345
5873.782 9385
5873.792 9438
5873.804 9510
5873.814 9571
5873.826 9639
5873.836 9687
5873.848 9732
5873.858 9761
5873.868 9780
5873.88 9796
5873.89 9804
5873.902 9810
5873.912 9812
5873.924 9814
5873.934 9816
5873.944 9818
5873.956 9819
5873.966 9818
5873.978 9819
5873.988 9821
5874 9826
5874.01 9832
5874.02 9839
5874.032 9850
5874.042 9860
5874.054 9869
5874.064 9875
5874.076 9881
5874.086 9885
5874.098 9890
5874.108 9892
5874.118 9894
5874.13 9894
5874.14 9894
5874.152 9895
5874.162 9895
5874.174 9894
5874.184 9894
5874.194 9895
5874.206 9898
5874.216 9901
5874.228 9902
5874.238 9902
5874.25 9902
5874.26 9902
5874.27 9901
5874.282 9898
5874.292 9895
5874.304 9892
5874.314 9890
5874.326 9887
5874.336 9883
5874.348 9877
5874.358 9874
5874.368 9874
5874.38 9876
5874.39 9878
5874.402 9881
5874.412 9883
5874.424 9885
5874.434 9884
5874.444 9884
5874.456 9884
5874.466 9883
5874.478 9882
5874.488 9882
5874.5 9880
5874.51 9876
5874.52 9874
5874.532 9872
5874.542 9872
5874.554 9872
5874.564 9870
5874.576 9868
5874.586 9863
5874.598 9856
5874.608 9851
5874.618 9849
5874.63 9851
5874.64 9853
5874.652 9858
5874.662 9863
5874.674 9870
5874.684 9876
5874.694 9879
5874.706 9879
5874.716 9876
5874.728 9870
5874.738 9864
5874.75 9862
5874.76 9864
5874.77 9869
5874.782 9875
5874.792 9880
5874.804 9885
5874.814 9887
5874.826 9888
5874.836 9889
5874.848 9892
5874.858 9895
5874.868 9897
5874.88 9897
5874.89 9897
5874.902 9896
5874.912 9896
5874.924 9894
5874.934 9893
5874.944 9891
5874.956 9889
5874.966 9889
5874.978 9887
5874.988 9883
5875 9875
5875.01 9868
5875.02 9860
5875.032 9847
5875.042 9834
5875.054 9817
5875.064 9802
5875.076 9783
5875.086 9767
5875.098 9753
5875.108 9742
5875.118 9736
5875.13 9735
5875.14 9736
5875.152 9741
5875.162 9746
5875.174 9756
5875.184 9767
5875.194 9780
5875.206 9797
5875.216 9807
5875.228 9815
5875.238 9823
5875.25 9834
5875.26 9844
5875.27 9856
5875.282 9866
5875.292 9871
5875.304 9876
5875.314 9878
5875.326 9879
5875.336 9878
5875.348 9874
5875.358 9871
5875.368 9865
5875.38 9858
5875.39 9851
5875.402 9839
5875.412 9829
5875.424 9820
5875.434 9812
5875.444 9806
5875.456 9803
5875.466 9805
5875.478 9812
5875.488 9820
5875.5 9828
5875.51 9832
5875.52 9832
5875.532 9823
5875.542 9811
5875.554 9794
5875.564 9783
5875.576 9780
5875.586 9783
5875.598 9788
5875.608 9792
5875.618 9791
5875.63 9789
5875.64 9789
5875.652 9790
5875.662 9792
5875.674 9799
5875.684 9803
5875.694 9807
5875.706 9812
5875.716 9814
5875.728 9816
5875.738 9818
5875.75 9823
5875.76 9827
5875.77 9832
5875.782 9836
5875.792 9839
5875.804 9843
5875.814 9847
5875.826 9855
5875.836 9861
5875.848 9868
5875.858 9874
5875.868 9877
5875.88 9878
5875.89 9879
5875.902 9878
5875.912 9877
5875.924 9876
5875.934 9873
5875.944 9869
5875.956 9868
5875.966 9869
5875.978 9871
5875.988 9872
5876 9867
5876.01 9860
5876.02 9851
5876.032 9842
5876.042 9833
5876.054 9819
5876.064 9802
5876.076 9776
5876.086 9751
5876.098 9728
5876.108 9718
5876.118 9720
5876.13 9736
5876.14 9755
5876.152 9778
5876.162 9794
5876.174 9806
5876.184 9808
5876.194 9799
5876.206 9772
5876.216 9735
5876.228 9672
5876.238 9608
5876.25 9524
5876.26 9459
5876.27 9423
5876.282 9424
5876.292 9470
5876.304 9543
5876.314 9605
5876.326 9672
5876.336 9716
5876.348 9760
5876.358 9787
5876.368 9808
5876.38 9821
5876.39 9819
5876.402 9803
5876.412 9787
5876.424 9776
5876.434 9777
5876.444 9785
5876.456 9798
5876.466 9807
5876.478 9811
5876.488 9807
5876.5 9791
5876.51 9773
5876.52 9751
5876.532 9725
5876.542 9712
5876.554 9711
5876.564 9721
5876.576 9742
5876.586 9767
5876.598 9799
5876.608 9824
5876.618 9844
5876.63 9858
5876.64 9862
5876.652 9862
5876.662 9861
5876.674 9863
5876.684 9866
5876.694 9869
5876.706 9872
5876.716 9873
5876.728 9874
5876.738 9875
5876.75 9878
5876.76 9882
5876.77 9886
5876.782 9892
5876.792 9895
5876.804 9897
5876.814 9898
5876.826 9898
5876.836 9897
5876.848 9897
5876.858 9896
5876.868 9895
5876.88 9896
5876.89 9901
5876.902 9906
5876.912 9908
5876.924 9910
5876.934 9910
5876.944 9910
5876.956 9908
5876.966 9908
5876.978 9905
5876.988 9904
5877 9900
5877.01 9897
5877.02 9893
5877.032 9888
5877.042 9886
5877.054 9884
5877.064 9883
5877.076 9884
5877.086 9885
5877.098 9885
5877.108 9885
5877.118 9886
5877.13 9888
5877.14 9890
5877.152 9891
5877.162 9892
5877.174 9893
5877.184 9893
5877.194 9892
5877.206 9889
5877.216 9884
5877.228 9876
5877.238 9872
5877.25 9869
5877.26 9869
5877.27 9865
5877.282 9858
5877.292 9849
5877.304 9839
5877.314 9834
5877.326 9836
5877.336 9839
5877.348 9840
5877.358 9835
5877.368 9830
5877.38 9821
5877.39 9814
5877.402 9803
5877.412 9797
5877.424 9796
5877.434 9803
5877.444 9813
5877.456 9827
5877.466 9838
5877.478 9851
5877.488 9859
5877.5 9866
5877.51 9865
5877.52 9859
5877.532 9856
5877.542 9856
5877.554 9857
5877.564 9858
5877.576 9857
5877.586 9853
5877.598 9842
5877.608 9825
5877.618 9802
5877.63 9769
5877.64 9740
5877.652 9709
5877.662 9692
5877.674 9682
5877.684 9679
5877.694 9672
5877.706 9648
5877.716 9614
5877.728 9534
5877.738 9419
5877.75 9195
5877.76 8969
5877.77 8719
5877.782 8444
5877.792 8333
5877.804 8345
5877.814 8498
5877.826 8782
5877.836 9038
5877.848 9299
5877.858 9459
5877.868 9572
5877.88 9669
5877.89 9732
5877.902 9788
5877.912 9820
5877.924 9841
5877.934 9847
5877.944 9849
5877.956 9848
5877.966 9839
5877.978 9821
5877.988 9799
5878 9772
5878.01 9754
5878.02 9745
5878.032 9746
5878.042 9753
5878.054 9764
5878.064 9774
5878.076 9788
5878.086 9798
5878.098 9809
5878.108 9816
5878.118 9823
5878.13 9831
5878.14 9836
5878.152 9843
5878.162 9847
5878.174 9854
5878.184 9858
5878.194 9863
5878.206 9868
5878.216 9871
5878.228 9874
5878.238 9878
5878.25 9880
5878.26 9881
5878.27 9880
5878.282 9878
5878.292 9877
5878.304 9879
5878.314 9881
5878.326 9885
5878.336 9890
5878.348 9895
5878.358 9900
5878.368 9903
5878.38 9903
5878.39 9902
5878.402 9900
5878.412 9900
5878.424 9901
5878.434 9899
5878.444 9896
5878.456 9893
5878.466 9892
5878.478 9891
5878.488 9890
5878.5 9885
5878.51 9879
5878.52 9875
5878.532 9871
5878.542 9868
5878.554 9862
5878.564 9859
5878.576 9856
5878.586 9855
5878.598 9858
5878.608 9864
5878.618 9869
5878.63 9874
5878.64 9875
5878.652 9876
5878.662 9879
5878.674 9883
5878.684 9887
5878.694 9889
5878.706 9889
5878.716 9889
5878.728 9892
5878.738 9896
5878.75 9899
5878.76 9901
5878.77 9902
5878.782 9902
5878.792 9902
5878.804 9901
5878.814 9900
5878.826 9898
5878.836 9897
5878.848 9896
5878.858 9895
5878.868 9893
5878.88 9888
5878.89 9881
5878.902 9871
5878.912 9863
5878.924 9853
5878.934 9847
5878.944 9843
5878.956 9840
5878.966 9839
5878.978 9839
5878.988 9837
5879 9832
5879.01 9827
5879.02 9820
5879.032 9815
5879.042 9814
5879.054 9817
5879.064 9825
5879.076 9833
5879.086 9839
5879.098 9846
5879.108 9849
5879.118 9852
5879.13 9856
5879.14 9858
5879.152 9859
5879.162 9860
5879.174 9861
5879.184 9862
5879.194 9864
5879.206 9864
5879.216 9862
5879.228 9857
5879.238 9854
5879.25 9853
5879.26 9855
5879.27 9856
5879.282 9855
5879.292 9855
5879.304 9857
5879.314 9860
5879.326 9861
5879.336 9861
5879.348 9860
5879.358 9856
5879.368 9848
5879.38 9832
5879.39 9811
5879.402 9775
5879.412 9734
5879.424 9661
5879.434 9575
5879.444 9451
5879.456 9264
5879.466 9100
5879.478 8959
5879.488 8920
5879.5 8951
5879.51 9047
5879.52 9187
5879.532 9342
5879.542 9447
5879.554 9531
5879.564 9571
5879.576 9611
5879.586 9642
5879.598 9683
5879.608 9720
5879.618 9752
5879.63 9777
5879.64 9787
5879.652 9788
5879.662 9786
5879.674 9784
5879.684 9785
5879.694 9786
5879.706 9783
5879.716 9782
5879.728 9784
5879.738 9789
5879.75 9792
5879.76 9790
5879.77 9789
5879.782 9789
5879.792 9792
5879.804 9799
5879.814 9807
5879.826 9816
5879.836 9824
5879.848 9833
5879.858 9840
5879.868 9846
5879.88 9848
5879.89 9845
5879.902 9837
5879.912 9827
5879.924 9807
5879.934 9779
5879.944 9733
5879.956 9656
5879.966 9563
5879.978 9394
5879.988 9216
5880 8996
5880.01 8837
5880.02 8739
5880.032 8758
5880.042 8867
5880.054 9072
5880.064 9243
5880.076 9422
5880.086 9548
5880.098 9660
5880.108 9727
5880.118 9774
5880.13 9819
5880.14 9845
5880.152 9867
5880.162 9873
5880.174 9866
5880.184 9850
5880.194 9821
5880.206 9765
5880.216 9693
5880.228 9584
5880.238 9491
5880.25 9370
5880.26 9283
5880.27 9258
5880.282 9323
5880.292 9422
5880.304 9546
5880.314 9635
5880.326 9720
5880.336 9772
5880.348 9814
5880.358 9837
5880.368 9853
5880.38 9864
5880.39 9870
5880.402 9877
5880.412 9881
5880.424 9885
5880.434 9885
5880.444 9883
5880.456 9881
5880.466 9876
5880.478 9872
5880.488 9872
5880.5 9877
5880.51 9884
5880.52 9888
5880.532 9887
5880.542 9882
5880.554 9875
5880.564 9869
5880.576 9861
5880.586 9855
5880.598 9848
5880.608 9844
5880.618 9842
5880.63 9839
5880.64 9834
5880.652 9826
5880.662 9819
5880.674 9808
5880.684 9797
5880.694 9787
5880.706 9777
5880.716 9777
5880.728 9788
5880.738 9808
5880.75 9834
5880.76 9857
5880.77 9874
5880.782 9888
5880.792 9896
5880.804 9901
5880.814 9903
5880.826 9903
5880.836 9900
5880.848 9893
5880.858 9885
5880.868 9874
5880.88 9859
5880.89 9845
5880.902 9827
5880.912 9815
5880.924 9809
5880.934 9812
5880.944 9821
5880.956 9833
5880.966 9838
5880.978 9839
5880.988 9838
5881 9834
5881.01 9831
5881.02 9826
5881.032 9819
5881.042 9811
5881.054 9799
5881.064 9787
5881.076 9780
5881.086 9782
5881.098 9792
5881.108 9804
5881.118 9816
5881.13 9826
5881.14 9827
5881.152 9824
5881.162 9812
5881.174 9780
5881.184 9742
5881.194 9686
5881.206 9606
5881.216 9514
5881.228 9353
5881.238 9164
5881.25 8889
5881.26 8684
5881.27 8509
5881.282 8440
5881.292 8496
5881.304 8702
5881.314 8932
5881.326 9183
5881.336 9364
5881.348 9530
5881.358 9619
5881.368 9683
5881.38 9737
5881.39 9771
5881.402 9800
5881.412 9820
5881.424 9838
5881.434 9850
5881.444 9858
5881.456 9862
5881.466 9861
5881.478 9860
5881.488 9857
5881.5 9856
5881.51 9854
5881.52 9851
5881.532 9847
5881.542 9847
5881.554 9847
5881.564 9851
5881.576 9858
5881.586 9866
5881.598 9876
5881.608 9880
5881.618 9879
5881.63 9873
5881.64 9863
5881.652 9851
5881.662 9840
5881.674 9827
5881.684 9816
5881.694 9801
5881.706 9780
5881.716 9763
5881.728 9745
5881.738 9734
5881.75 9730
5881.76 9736
5881.77 9751
5881.782 9770
5881.792 9785
5881.804 9799
5881.814 9803
5881.826 9797
5881.836 9789
5881.848 9784
5881.858 9789
5881.868 9803
5881.88 9828
5881.89 9849
5881.902 9868
5881.912 9879
5881.924 9886
5881.934 9885
5881.944 9876
5881.956 9860
5881.966 9849
5881.978 9848
5881.988 9855
5882 9872
5882.01 9885
5882.02 9896
5882.032 9905
5882.042 9910
5882.054 9910
5882.064 9907
5882.076 9903
5882.086 9900
5882.098 9897
5882.108 9895
5882.118 9894
5882.13 9894
5882.14 9895
5882.152 9895
5882.162 9893
5882.174 9890
5882.184 9887
5882.194 9884
5882.206 9884
5882.216 9885
5882.228 9889
5882.238 9892
5882.25 9896
5882.26 9897
5882.27 9897
5882.282 9897
5882.292 9897
5882.304 9896
5882.314 9897
5882.326 9897
5882.336 9895
5882.348 9889
5882.358 9883
5882.368 9880
5882.38 9881
5882.39 9885
5882.402 9890
5882.412 9891
5882.424 9890
5882.434 9887
5882.444 9882
5882.456 9875
5882.466 9868
5882.478 9863
5882.488 9862
5882.5 9869
5882.51 9877
5882.52 9886
5882.532 9891
5882.542 9894
5882.554 9895
5882.564 9897
5882.576 9899
5882.586 9899
5882.598 9895
5882.608 9891
5882.618 9889
5882.63 9890
5882.64 9892
5882.652 9894
5882.662 9894
5882.674 9896
5882.684 9895
5882.694 9890
5882.706 9880
5882.716 9871
5882.728 9858
5882.738 9844
5882.75 9823
5882.76 9801
5882.77 9780
5882.782 9756
5882.792 9740
5882.804 9736
5882.814 9746
5882.826 9770
5882.836 9793
5882.848 9819
5882.858 9836
5882.868 9850
5882.88 9860
5882.89 9864
5882.902 9865
5882.912 9862
5882.924 9857
5882.934 9852
5882.944 9845
5882.956 9830
5882.966 9817
5882.978 9804
5882.988 9797
5883 9796
5883.01 9800
5883.02 9797
5883.032 9790
5883.042 9781
5883.054 9768
5883.064 9758
5883.076 9751
5883.086 9753
5883.098 9764
5883.108 9782
5883.118 9800
5883.13 9821
5883.14 9833
5883.152 9843
5883.162 9847
5883.174 9853
5883.184 9856
5883.194 9859
5883.206 9861
5883.216 9863
5883.228 9861
5883.238 9860
5883.25 9856
5883.26 9852
5883.27 9847
5883.282 9843
5883.292 9840
5883.304 9841
5883.314 9843
5883.326 9845
5883.336 9844
5883.348 9839
5883.358 9837
5883.368 9835
5883.38 9833
5883.39 9829
5883.402 9824
5883.412 9819
5883.424 9813
5883.434 9808
5883.444 9806
5883.456 9802
5883.466 9800
5883.478 9799
5883.488 9800
5883.5 9799
5883.51 9799
5883.52 9799
5883.532 9800
5883.542 9802
5883.554 9801
5883.564 9799
5883.576 9793
5883.586 9790
5883.598 9787
5883.608 9785
5883.618 9778
5883.63 9768
5883.64 9755
5883.652 9735
5883.662 9710
5883.674 9668
5883.684 9623
5883.694 9561
5883.706 9458
5883.716 9314
5883.728 9067
5883.738 8759
5883.75 8251
5883.76 7699
5883.77 7045
5883.782 6155
5883.792 5449
5883.804 4722
5883.814 4302
5883.826 4137
5883.836 4329
5883.848 4962
5883.858 5715
5883.868 6479
5883.88 7275
5883.89 7761
5883.902 8319
5883.912 8692
5883.924 9011
5883.934 9203
5883.944 9347
5883.956 9477
5883.966 9552
5883.978 9617
5883.988 9657
5884 9692
5884.01 9714
5884.02 9730
5884.032 9742
5884.042 9751
5884.054 9762
5884.064 9772
5884.076 9785
5884.086 9795
5884.098 9805
5884.108 9812
5884.118 9818
5884.13 9824
5884.14 9827
5884.152 9824
5884.162 9816
5884.174 9801
5884.184 9789
5884.194 9781
5884.206 9782
5884.216 9791
5884.228 9804
5884.238 9815
5884.25 9824
5884.26 9831
5884.27 9836
5884.282 9838
5884.292 9838
5884.304 9836
5884.314 9836
5884.326 9835
5884.336 9832
5884.348 9826
5884.358 9814
5884.368 9796
5884.38 9763
5884.39 9726
5884.402 9675
5884.412 9630
5884.424 9581
5884.434 9556
5884.444 9551
5884.456 9575
5884.466 9613
5884.478 9664
5884.488 9702
5884.5 9735
5884.51 9754
5884.52 9765
5884.532 9773
5884.542 9778
5884.554 9785
5884.564 9791
5884.576 9798
5884.586 9804
5884.598 9808
5884.608 9812
5884.618 9815
5884.63 9816
5884.64 9816
5884.652 9816
5884.662 9817
5884.674 9816
5884.684 9815
5884.694 9813
5884.706 9813
5884.716 9813
5884.728 9814
5884.738 9813
5884.75 9811
5884.76 9809
5884.77 9807
5884.782 9808
5884.792 9808
5884.804 9812
5884.814 9814
5884.826 9816
5884.836 9818
5884.848 9820
5884.858 9821
5884.868 9820
5884.88 9817
5884.89 9812
5884.902 9807
5884.912 9802
5884.924 9794
5884.934 9784
5884.944 9773
5884.956 9758
5884.966 9742
5884.978 9715
5884.988 9681
5885 9630
5885.01 9575
5885.02 9514
5885.032 9439
5885.042 9384
5885.054 9357
5885.064 9369
5885.076 9417
5885.086 9477
5885.098 9560
5885.108 9623
5885.118 9672
5885.13 9720
5885.14 9749
5885.152 9773
5885.162 9786
5885.174 9796
5885.184 9801
5885.194 9802
5885.206 9803
5885.216 9805
5885.228 9810
5885.238 9815
5885.25 9818
5885.26 9814
5885.27 9807
5885.282 9795
5885.292 9782
5885.304 9760
5885.314 9732
5885.326 9688
5885.336 9646
5885.348 9592
5885.358 9548
5885.368 9512
5885.38 9489
5885.39 9493
5885.402 9517
5885.412 9549
5885.424 9595
5885.434 9633
5885.444 9667
5885.456 9702
5885.466 9723
5885.478 9742
5885.488 9755
5885.5 9772
5885.51 9787
5885.52 9800
5885.532 9808
5885.542 9809
5885.554 9807
5885.564 9802
5885.576 9795
5885.586 9787
5885.598 9776
5885.608 9767
5885.618 9762
5885.63 9764
5885.64 9772
5885.652 9785
5885.662 9796
5885.674 9805
5885.684 9808
5885.694 9809
5885.706 9810
5885.716 9811
5885.728 9811
5885.738 9813
5885.75 9812
5885.76 9810
5885.77 9807
5885.782 9807
5885.792 9809
5885.804 9812
5885.814 9813
5885.826 9815
5885.836 9817
5885.848 9818
5885.858 9816
5885.868 9810
5885.88 9801
5885.89 9792
5885.902 9777
5885.912 9757
5885.924 9717
5885.934 9667
5885.944 9588
5885.956 9428
5885.966 9350
5885.978 9437
5885.988 9556
5886 9654
5886.01 9704
5886.02 9739
5886.032 9763
5886.042 9772
5886.054 9776
5886.064 9780
5886.076 9782
5886.086 9782
5886.098 9780
5886.108 9778
5886.118 9775
5886.13 9770
5886.14 9763
5886.152 9753
5886.162 9744
5886.174 9731
5886.184 9721
5886.194 9713
5886.206 9709
5886.216 9707
5886.228 9708
5886.238 9712
5886.25 9718
5886.26 9721
5886.27 9723
5886.282 9714
5886.292 9699
5886.304 9675
5886.314 9658
5886.326 9652
5886.336 9661
5886.348 9682
5886.358 9699
5886.368 9707
5886.38 9707
5886.39 9703
5886.402 9702
5886.412 9709
5886.424 9725
5886.434 9740
5886.444 9752
5886.456 9761
5886.466 9765
5886.478 9770
5886.488 9776
5886.5 9782
5886.51 9784
5886.52 9784
5886.532 9783
5886.542 9780
5886.554 9776
5886.564 9774
5886.576 9770
5886.586 9767
5886.598 9766
5886.608 9763
5886.618 9760
5886.63 9754
5886.64 9746
5886.652 9736
5886.662 9730
5886.674 9730
5886.684 9738
5886.694 9749
5886.706 9758
5886.716 9760
5886.728 9757
5886.738 9749
5886.75 9732
5886.76 9714
5886.77 9693
5886.782 9667
5886.792 9651
5886.804 9640
5886.814 9638
5886.826 9648
5886.836 9661
5886.848 9681
5886.858 9700
5886.868 9720
5886.88 9740
5886.89 9750
5886.902 9756
5886.912 9758
5886.924 9760
5886.934 9764
5886.944 9770
5886.956 9773
5886.966 9775
5886.978 9776
5886.988 9775
5887 9771
5887.01 9765
5887.02 9758
5887.032 9747
5887.042 9740
5887.054 9732
5887.064 9727
5887.076 9724
5887.086 9723
5887.098 9724
5887.108 9726
5887.118 9726
5887.13 9719
5887.14 9706
5887.152 9679
5887.162 9644
5887.174 9583
5887.184 9507
5887.194 9401
5887.206 9352
5887.216 9432
5887.228 9535
5887.238 9598
5887.25 9652
5887.26 9684
5887.27 9704
5887.282 9719
5887.292 9726
5887.304 9731
5887.314 9735
5887.326 9739
5887.336 9737
5887.348 9730
5887.358 9722
5887.368 9711
5887.38 9690
5887.39 9664
5887.402 9618
5887.412 9572
5887.424 9510
5887.434 9456
5887.444 9411
5887.456 9384
5887.466 9390
5887.478 9426
5887.488 9469
5887.5 9519
5887.51 9554
5887.52 9583
5887.532 9608
5887.542 9625
5887.554 9640
5887.564 9649
5887.576 9655
5887.586 9648
5887.598 9621
5887.608 9582
5887.618 9528
5887.63 9459
5887.64 9424
5887.652 9460
5887.662 9507
5887.674 9558
5887.684 9590
5887.694 9613
5887.706 9632
5887.716 9642
5887.728 9649
5887.738 9652
5887.75 9650
5887.76 9643
5887.77 9636
5887.782 9627
5887.792 9619
5887.804 9604
5887.814 9592
5887.826 9580
5887.836 9577
5887.848 9580
5887.858 9586
5887.868 9593
5887.88 9602
5887.89 9606
5887.902 9609
5887.912 9607
5887.924 9601
5887.934 9593
5887.944 9582
5887.956 9567
5887.966 9554
5887.978 9539
5887.988 9528
5888 9519
5888.01 9519
5888.02 9523
5888.032 9533
5888.042 9540
5888.054 9547
5888.064 9550
5888.076 9549
5888.086 9546
5888.098 9539
5888.108 9532
5888.118 9525
5888.13 9519
5888.14 9516
5888.152 9513
5888.162 9512
5888.174 9512
5888.184 9512
5888.194 9512
5888.206 9512
5888.216 9511
5888.228 9506
5888.238 9501
5888.25 9492
5888.26 9484
5888.27 9474
5888.282 9464
5888.292 9457
5888.304 9453
5888.314 9453
5888.326 9455
5888.336 9457
5888.348 9458
5888.358 9455
5888.368 9448
5888.38 9437
5888.39 9428
5888.402 9419
5888.412 9415
5888.424 9413
5888.434 9415
5888.444 9418
5888.456 9423
5888.466 9424
5888.478 9419
5888.488 9408
5888.5 9384
5888.51 9354
5888.52 9321
5888.532 9284
5888.542 9258
5888.554 9235
5888.564 9227
5888.576 9229
5888.586 9240
5888.598 9251
5888.608 9257
5888.618 9260
5888.63 9259
5888.64 9251
5888.652 9232
5888.662 9206
5888.674 9171
5888.684 9149
5888.694 9145
5888.706 9163
5888.716 9188
5888.728 9210
5888.738 9217
5888.75 9215
5888.76 9201
5888.77 9178
5888.782 9143
5888.792 9113
5888.804 9084
5888.814 9069
5888.826 9060
5888.836 9058
5888.848 9053
5888.858 9043
5888.868 9028
5888.88 9005
5888.89 8986
5888.902 8968
5888.912 8959
5888.924 8957
5888.934 8962
5888.944 8969
5888.956 8974
5888.966 8973
5888.978 8969
5888.988 8965
5889 8958
5889.01 8952
5889.02 8943
5889.032 8926
5889.042 8910
5889.054 8888
5889.064 8871
5889.076 8853
5889.086 8840
5889.098 8824
5889.108 8809
5889.118 8793
5889.13 8772
5889.14 8755
5889.152 8735
5889.162 8716
5889.174 8691
5889.184 8669
5889.194 8646
5889.206 8617
5889.216 8593
5889.228 8558
5889.238 8529
5889.25 8489
5889.26 8456
5889.27 8423
5889.282 8382
5889.292 8344
5889.304 8299
5889.314 8258
5889.326 8204
5889.336 8156
5889.348 8092
5889.358 8037
5889.368 7979
5889.38 7910
5889.39 7853
5889.402 7793
5889.412 7747
5889.424 7688
5889.434 7632
5889.444 7572
5889.456 7497
5889.466 7431
5889.478 7349
5889.488 7272
5889.5 7177
5889.51 7093
5889.52 7006
5889.532 6900
5889.542 6806
5889.554 6688
5889.564 6583
5889.576 6448
5889.586 6327
5889.598 6162
5889.608 6000
5889.618 5838
5889.63 5712
5889.64 5632
5889.652 5539
5889.662 5456
5889.674 5334
5889.684 5224
5889.694 5107
5889.706 4966
5889.716 4842
5889.728 4691
5889.738 4568
5889.75 4424
5889.76 4294
5889.77 4165
5889.782 4007
5889.792 3856
5889.804 3656
5889.814 3468
5889.826 3188
5889.836 2886
5889.848 2458
5889.858 2068
5889.868 1673
5889.88 1255
5889.89 983
5889.902 762
5889.912 648
5889.924 550
5889.934 500
5889.944 467
5889.956 450
5889.966 451
5889.978 472
5889.988 505
5890 568
5890.01 649
5890.02 775
5890.032 1007
5890.042 1291
5890.054 1708
5890.064 2096
5890.076 2557
5890.086 2905
5890.098 3252
5890.108 3484
5890.118 3682
5890.13 3897
5890.14 4059
5890.152 4238
5890.162 4382
5890.174 4549
5890.184 4684
5890.194 4811
5890.206 4963
5890.216 5099
5890.228 5270
5890.238 5410
5890.25 5566
5890.26 5686
5890.27 5808
5890.282 5952
5890.292 6070
5890.304 6210
5890.314 6322
5890.326 6452
5890.336 6556
5890.348 6681
5890.358 6778
5890.368 6865
5890.38 6963
5890.39 7037
5890.402 7112
5890.412 7164
5890.424 7208
5890.434 7242
5890.444 7270
5890.456 7304
5890.466 7335
5890.478 7378
5890.488 7421
5890.5 7484
5890.51 7552
5890.52 7640
5890.532 7751
5890.542 7845
5890.554 7963
5890.564 8047
5890.576 8131
5890.586 8191
5890.598 8253
5890.608 8298
5890.618 8338
5890.63 8381
5890.64 8415
5890.652 8456
5890.662 8489
5890.674 8526
5890.684 8554
5890.694 8581
5890.706 8607
5890.716 8630
5890.728 8658
5890.738 8683
5890.75 8714
5890.76 8739
5890.77 8760
5890.782 8786
5890.792 8809
5890.804 8833
5890.814 8851
5890.826 8873
5890.836 8891
5890.848 8910
5890.858 8925
5890.868 8938
5890.88 8953
5890.89 8964
5890.902 8979
5890.912 8989
5890.924 9001
5890.934 9010
5890.944 9015
5890.956 9022
5890.966 9029
5890.978 9042
5890.988 9054
5891 9061
5891.01 9074
5891.02 9083
5891.032 9091
5891.042 9096
5891.054 9103
5891.064 9105
5891.076 9090
5891.086 9058
5891.098 8986
5891.108 8906
5891.118 8767
5891.13 8512
5891.14 8264
5891.152 7973
5891.162 7780
5891.174 7650
5891.184 7674
5891.194 7818
5891.206 8094
5891.216 8350
5891.228 8623
5891.238 8789
5891.25 8938
5891.26 9020
5891.27 9080
5891.282 9132
5891.292 9166
5891.304 9199
5891.314 9222
5891.326 9247
5891.336 9264
5891.348 9284
5891.358 9299
5891.368 9312
5891.38 9325
5891.39 9334
5891.402 9343
5891.412 9347
5891.424 9350
5891.434 9349
5891.444 9341
5891.456 9325
5891.466 9307
5891.478 9289
5891.488 9283
5891.5 9292
5891.51 9310
5891.52 9332
5891.532 9357
5891.542 9373
5891.554 9386
5891.564 9391
5891.576 9389
5891.586 9376
5891.598 9339
5891.608 9292
5891.618 9223
5891.63 9101
5891.64 9011
5891.652 9061
5891.662 9176
5891.674 9286
5891.684 9344
5891.694 9380
5891.706 9407
5891.716 9418
5891.728 9424
5891.738 9426
5891.75 9425
5891.76 9421
5891.77 9419
5891.782 9415
5891.792 9410
5891.804 9396
5891.814 9376
5891.826 9336
5891.836 9294
5891.848 9238
5891.858 9196
5891.868 9174
5891.88 9179
5891.89 9208
5891.902 9266
5891.912 9320
5891.924 9384
5891.934 9430
5891.944 9466
5891.956 9499
5891.966 9518
5891.978 9533
5891.988 9540
5892 9545
5892.01 9549
5892.02 9553
5892.032 9557
5892.042 9560
5892.054 9563
5892.064 9566
5892.076 9569
5892.086 9571
5892.098 9575
5892.108 9579
5892.118 9582
5892.13 9584
5892.14 9583
5892.152 9578
5892.162 9573
5892.174 9564
5892.184 9560
5892.194 9555
5892.206 9550
5892.216 9547
5892.228 9544
5892.238 9544
5892.25 9543
5892.26 9543
5892.27 9541
5892.282 9532
5892.292 9519
5892.304 9493
5892.314 9467
5892.326 9430
5892.336 9389
5892.348 9329
5892.358 9266
5892.368 9202
5892.38 9149
5892.39 9175
5892.402 9225
5892.412 9253
5892.424 9261
5892.434 9245
5892.444 9220
5892.456 9199
5892.466 9198
5892.478 9225
5892.488 9267
5892.5 9337
5892.51 9397
5892.52 9445
5892.532 9487
5892.542 9511
5892.554 9526
5892.564 9529
5892.576 9523
5892.586 9507
5892.598 9471
5892.608 9420
5892.618 9348
5892.63 9214
5892.64 9040
5892.652 8758
5892.662 8479
5892.674 8145
5892.684 7934
5892.694 7813
5892.706 7804
5892.716 7880
5892.728 8012
5892.738 8108
5892.75 8211
5892.76 8269
5892.77 8273
5892.782 8156
5892.792 7920
5892.804 7451
5892.814 6908
5892.826 6149
5892.836 5487
5892.848 4743
5892.858 4251
5892.868 3913
5892.88 3783
5892.89 3938
5892.902 4513
5892.912 5310
5892.924 6408
5892.934 7263
5892.944 7940
5892.956 8533
5892.966 8849
5892.978 9099
5892.988 9234
5893 9314
5893.01 9336
5893.02 9343
5893.032 9352
5893.042 9390
5893.054 9442
5893.064 9479
5893.076 9513
5893.086 9531
5893.098 9547
5893.108 9554
5893.118 9560
5893.13 9563
5893.14 9562
5893.152 9553
5893.162 9540
5893.174 9516
5893.184 9488
5893.194 9452
5893.206 9404
5893.216 9367
5893.228 9340
5893.238 9337
5893.25 9357
5893.26 9393
5893.27 9430
5893.282 9472
5893.292 9501
5893.304 9526
5893.314 9539
5893.326 9547
5893.336 9550
5893.348 9553
5893.358 9555
5893.368 9559
5893.38 9563
5893.39 9568
5893.402 9574
5893.412 9578
5893.424 9583
5893.434 9584
5893.444 9578
5893.456 9560
5893.466 9533
5893.478 9497
5893.488 9476
5893.5 9470
5893.51 9482
5893.52 9502
5893.532 9526
5893.542 9545
5893.554 9559
5893.564 9567
5893.576 9571
5893.586 9573
5893.598 9572
5893.608 9568
5893.618 9564
5893.63 9558
5893.64 9556
5893.652 9554
5893.662 9555
5893.674 9558
5893.684 9562
5893.694 9567
5893.706 9574
5893.716 9579
5893.728 9586
5893.738 9589
5893.75 9590
5893.76 9589
5893.77 9585
5893.782 9578
5893.792 9572
5893.804 9562
5893.814 9554
5893.826 9548
5893.836 9546
5893.848 9550
5893.858 9554
5893.868 9558
5893.88 9561
5893.89 9562
5893.902 9563
5893.912 9565
5893.924 9570
5893.934 9574
5893.944 9576
5893.956 9577
5893.966 9575
5893.978 9570
5893.988 9567
5894 9565
5894.01 9564
5894.02 9562
5894.032 9557
5894.042 9551
5894.054 9546
5894.064 9540
5894.076 9533
5894.086 9529
5894.098 9527
5894.108 9527
5894.118 9527
5894.13 9526
5894.14 9524
5894.152 9522
5894.162 9520
5894.174 9520
5894.184 9521
5894.194 9522
5894.206 9520
5894.216 9518
5894.228 9519
5894.238 9519
5894.25 9518
5894.26 9518
5894.27 9517
5894.282 9512
5894.292 9504
5894.304 9493
5894.314 9484
5894.326 9472
5894.336 9455
5894.348 9430
5894.358 9407
5894.368 9396
5894.38 9408
5894.39 9429
5894.402 9452
5894.412 9466
5894.424 9474
5894.434 9477
5894.444 9475
5894.456 9472
5894.466 9471
5894.478 9474
5894.488 9476
5894.5 9477
5894.51 9475
5894.52 9473
5894.532 9470
5894.542 9465
5894.554 9454
5894.564 9444
5894.576 9439
5894.586 9436
5894.598 9430
5894.608 9423
5894.618 9415
5894.63 9407
5894.64 9404
5894.652 9403
5894.662 9400
5894.674 9396
5894.684 9393
5894.694 9391
5894.706 9390
5894.716 9388
5894.728 9384
5894.738 9379
5894.75 9371
5894.76 9366
5894.77 9357
5894.782 9348
5894.792 9340
5894.804 9330
5894.814 9320
5894.826 9304
5894.836 9289
5894.848 9268
5894.858 9247
5894.868 9224
5894.88 9197
5894.89 9172
5894.902 9137
5894.912 9107
5894.924 9084
5894.934 9080
5894.944 9089
5894.956 9109
5894.966 9123
5894.978 9133
5894.988 9137
5895 9142
5895.01 9149
5895.02 9152
5895.032 9149
5895.042 9147
5895.054 9140
5895.064 9128
5895.076 9102
5895.086 9073
5895.098 9033
5895.108 9001
5895.118 8974
5895.13 8953
5895.14 8948
5895.152 8949
5895.162 8950
5895.174 8948
5895.184 8946
5895.194 8943
5895.206 8939
5895.216 8931
5895.228 8917
5895.238 8903
5895.25 8881
5895.26 8860
5895.27 8840
5895.282 8816
5895.292 8797
5895.304 8772
5895.314 8748
5895.326 8715
5895.336 8685
5895.348 8647
5895.358 8611
5895.368 8569
5895.38 8520
5895.39 8484
5895.402 8442
5895.412 8403
5895.424 8351
5895.434 8304
5895.444 8256
5895.456 8191
5895.466 8124
5895.478 8050
5895.488 7988
5895.5 7907
5895.51 7832
5895.52 7753
5895.532 7658
5895.542 7572
5895.554 7458
5895.564 7364
5895.576 7255
5895.586 7153
5895.598 7005
5895.608 6877
5895.618 6754
5895.63 6604
5895.64 6466
5895.652 6290
5895.662 6139
5895.674 5957
5895.684 5793
5895.694 5631
5895.706 5431
5895.716 5266
5895.728 5046
5895.738 4869
5895.75 4658
5895.76 4465
5895.77 4252
5895.782 3984
5895.792 3721
5895.804 3325
5895.814 2930
5895.826 2408
5895.836 1952
5895.848 1482
5895.858 1162
5895.868 925
5895.88 732
5895.89 636
5895.902 558
5895.912 521
5895.924 501
5895.934 504
5895.944 524
5895.956 573
5895.966 642
5895.978 769
5895.988 941
5896 1252
5896.01 1603
5896.02 2053
5896.032 2616
5896.042 3063
5896.054 3507
5896.064 3832
5896.076 4154
5896.086 4402
5896.098 4670
5896.108 4876
5896.118 5071
5896.13 5303
5896.14 5490
5896.152 5691
5896.162 5848
5896.174 6043
5896.184 6197
5896.194 6339
5896.206 6496
5896.216 6627
5896.228 6785
5896.238 6897
5896.25 7019
5896.26 7118
5896.27 7215
5896.282 7323
5896.292 7411
5896.304 7508
5896.314 7580
5896.326 7655
5896.336 7712
5896.348 7771
5896.358 7812
5896.368 7849
5896.38 7890
5896.39 7924
5896.402 7970
5896.412 8014
5896.424 8069
5896.434 8111
5896.444 8150
5896.456 8190
5896.466 8221
5896.478 8266
5896.488 8326
5896.5 8429
5896.51 8498
5896.52 8557
5896.532 8616
5896.542 8659
5896.554 8705
5896.564 8745
5896.576 8790
5896.586 8823
5896.598 8858
5896.608 8882
5896.618 8904
5896.63 8930
5896.64 8953
5896.652 8980
5896.662 8997
5896.674 9014
5896.684 9028
5896.694 9040
5896.706 9052
5896.716 9055
5896.728 9059
5896.738 9065
5896.75 9075
5896.76 9080
5896.77 9080
5896.782 9060
5896.792 9027
5896.804 8974
5896.814 8964
5896.826 9014
5896.836 9086
5896.848 9152
5896.858 9195
5896.868 9229
5896.88 9256
5896.89 9269
5896.902 9279
5896.912 9289
5896.924 9300
5896.934 9310
5896.944 9315
5896.956 9320
5896.966 9322
5896.978 9319
5896.988 9316
5897 9317
5897.01 9321
5897.02 9325
5897.032 9324
5897.042 9320
5897.054 9315
5897.064 9312
5897.076 9311
5897.086 9309
5897.098 9301
5897.108 9285
5897.118 9265
5897.13 9239
5897.14 9217
5897.152 9188
5897.162 9161
5897.174 9124
5897.184 9088
5897.194 9046
5897.206 8992
5897.216 8952
5897.228 8922
5897.238 8913
5897.25 8930
5897.26 8960
5897.27 8997
5897.282 9054
5897.292 9102
5897.304 9162
5897.314 9207
5897.326 9252
5897.336 9284
5897.348 9314
5897.358 9332
5897.368 9347
5897.38 9365
5897.39 9377
5897.402 9382
5897.412 9377
5897.424 9361
5897.434 9347
5897.444 9335
5897.456 9333
5897.466 9337
5897.478 9341
5897.488 9341
5897.5 9336
5897.51 9330
5897.52 9326
5897.532 9325
5897.542 9333
5897.554 9354
5897.564 9378
5897.576 9409
5897.586 9436
5897.598 9467
5897.608 9489
5897.618 9508
5897.63 9528
5897.64 9542
5897.652 9553
5897.662 9560
5897.674 9565
5897.684 9565
5897.694 9562
5897.706 9555
5897.716 9548
5897.728 9541
5897.738 9542
5897.75 9554
5897.76 9565
5897.77 9576
5897.782 9585
5897.792 9592
5897.804 9601
5897.814 9609
5897.826 9616
5897.836 9620
5897.848 9627
5897.858 9632
5897.868 9631
5897.88 9621
5897.89 9608
5897.902 9591
5897.912 9584
5897.924 9590
5897.934 9600
5897.944 9610
5897.956 9619
5897.966 9624
5897.978 9628
5897.988 9631
5898 9638
5898.01 9641
5898.02 9645
5898.032 9644
5898.042 9638
5898.054 9624
5898.064 9604
5898.076 9574
5898.086 9539
5898.098 9478
5898.108 9394
5898.118 9265
5898.13 9050
5898.14 8943
5898.152 8902
5898.162 8862
5898.174 8775
5898.184 8658
5898.194 8547
5898.206 8494
5898.216 8517
5898.228 8647
5898.238 8818
5898.25 9036
5898.26 9206
5898.27 9331
5898.282 9434
5898.292 9497
5898.304 9553
5898.314 9591
5898.326 9626
5898.336 9650
5898.348 9669
5898.358 9678
5898.368 9680
5898.38 9680
5898.39 9681
5898.402 9687
5898.412 9694
5898.424 9701
5898.434 9703
5898.444 9699
5898.456 9691
5898.466 9683
5898.478 9675
5898.488 9672
5898.5 9675
5898.51 9685
5898.52 9699
5898.532 9712
5898.542 9719
5898.554 9724
5898.564 9725
5898.576 9724
5898.586 9724
5898.598 9726
5898.608 9728
5898.618 9728
5898.63 9727
5898.64 9726
5898.652 9726
5898.662 9726
5898.674 9727
5898.684 9725
5898.694 9721
5898.706 9715
5898.716 9709
5898.728 9698
5898.738 9685
5898.75 9674
5898.76 9678
5898.77 9691
5898.782 9710
5898.792 9724
5898.804 9737
5898.814 9742
5898.826 9748
5898.836 9750
5898.848 9749
5898.858 9742
5898.868 9736
5898.88 9729
5898.89 9726
5898.902 9725
5898.912 9722
5898.924 9718
5898.934 9706
5898.944 9682
5898.956 9638
5898.966 9592
5898.978 9543
5898.988 9525
5899 9526
5899.01 9545
5899.02 9565
5899.032 9579
5899.042 9578
5899.054 9568
5899.064 9565
5899.076 9580
5899.086 9604
5899.098 9640
5899.108 9668
5899.118 9692
5899.13 9716
5899.14 9729
5899.152 9737
5899.162 9734
5899.174 9720
5899.184 9701
5899.194 9671
5899.206 9618
5899.216 9544
5899.228 9378
5899.238 9133
5899.25 8704
5899.26 8229
5899.27 7688
5899.282 7089
5899.292 6740
5899.304 6642
5899.314 6827
5899.326 7342
5899.336 7873
5899.348 8438
5899.358 8825
5899.368 9084
5899.38 9302
5899.39 9399
5899.402 9462
5899.412 9489
5899.424 9490
5899.434 9466
5899.444 9425
5899.456 9353
5899.466 9270
5899.478 9138
5899.488 9012
5899.5 8848
5899.51 8735
5899.52 8655
5899.532 8615
5899.542 8628
5899.554 8681
5899.564 8758
5899.576 8874
5899.586 8974
5899.598 9089
5899.608 9172
5899.618 9244
5899.63 9320
5899.64 9372
5899.652 9423
5899.662 9462
5899.674 9502
5899.684 9531
5899.694 9556
5899.706 9584
5899.716 9605
5899.728 9627
5899.738 9642
5899.75 9654
5899.76 9660
5899.77 9663
5899.782 9668
5899.792 9672
5899.804 9678
5899.814 9683
5899.826 9688
5899.836 9691
5899.848 9687
5899.858 9676
5899.868 9656
5899.88 9618
5899.89 9570
5899.902 9500
5899.912 9452
5899.924 9514
5899.934 9582
5899.944 9629
5899.956 9668
5899.966 9676
5899.978 9659
5899.988 9626
5900 9560
5900.01 9472
5900.02 9336
5900.032 9238
5900.042 9312
5900.054 9436
5900.064 9528
5900.076 9608
5900.086 9658
5900.098 9703
5900.108 9732
5900.118 9755
5900.13 9774
5900.14 9784
5900.152 9792
5900.162 9794
5900.174 9795
5900.184 9799
5900.194 9806
5900.206 9814
5900.216 9818
5900.228 9817
5900.238 9815
5900.25 9814
5900.26 9816
5900.27 9818
5900.282 9820
5900.292 9824
5900.304 9830
5900.314 9835
5900.326 9838
5900.336 9838
5900.348 9835
5900.358 9833
5900.368 9830
5900.38 9825
5900.39 9817
5900.402 9807
5900.412 9804
5900.424 9809
5900.434 9812
5900.444 9814
5900.456 9816
5900.466 9819
5900.478 9828
5900.488 9836
5900.5 9844
5900.51 9846
5900.52 9846
5900.532 9845
5900.542 9847
5900.554 9850
5900.564 9850
5900.576 9848
5900.586 9846
5900.598 9847
5900.608 9849
5900.618 9850
5900.63 9851
5900.64 9849
5900.652 9851
5900.662 9850
5900.674 9850
5900.684 9851
5900.694 9853
5900.706 9855
5900.716 9854
5900.728 9851
5900.738 9850
5900.75 9849
5900.76 9849
5900.77 9849
5900.782 9847
5900.792 9844
5900.804 9840
5900.814 9835
5900.826 9835
5900.836 9835
5900.848 9833
5900.858 9827
5900.868 9819
5900.88 9805
5900.89 9789
5900.902 9772
5900.912 9766
5900.924 9773
5900.934 9784
5900.944 9797
5900.956 9812
5900.966 9820
5900.978 9823
5900.988 9826
5901 9833
5901.01 9838
5901.02 9840
5901.032 9845
5901.042 9853
5901.054 9860
5901.064 9860
5901.076 9855
5901.086 9851
5901.098 9853
5901.108 9856
5901.118 9860
5901.13 9864
5901.14 9866
5901.152 9867
5901.162 9865
5901.174 9860
5901.184 9855
5901.194 9848
5901.206 9829
5901.216 9806
5901.228 9781
5901.238 9774
5901.25 9784
5901.26 9802
5901.27 9816
5901.282 9824
5901.292 9828
5901.304 9830
5901.314 9827
5901.326 9821
5901.336 9814
5901.348 9801
5901.358 9788
5901.368 9774
5901.38 9749
5901.39 9722
5901.402 9679
5901.412 9624
5901.424 9511
5901.434 9337
5901.444 9142
5901.456 9050
5901.466 9164
5901.478 9289
5901.488 9307
5901.5 9262
5901.51 9187
5901.52 9126
5901.532 9102
5901.542 9134
5901.554 9246
5901.564 9361
5901.576 9500
5901.586 9596
5901.598 9678
5901.608 9729
5901.618 9769
5901.63 9803
5901.64 9822
5901.652 9834
5901.662 9836
5901.674 9837
5901.684 9839
5901.694 9840
5901.706 9837
5901.716 9833
5901.728 9828
5901.738 9824
5901.75 9822
5901.76 9825
5901.77 9830
5901.782 9840
5901.792 9849
5901.804 9861
5901.814 9870
5901.826 9881
5901.836 9889
5901.848 9894
5901.858 9895
5901.868 9891
5901.88 9886
5901.89 9881
5901.902 9882
5901.912 9882
5901.924 9878
5901.934 9872
5901.944 9869
5901.956 9871
5901.966 9873
5901.978 9876
5901.988 9877
5902 9876
5902.01 9875
5902.02 9876
5902.032 9884
5902.042 9887
5902.054 9882
5902.064 9872
5902.076 9857
5902.086 9836
5902.098 9795
5902.108 9748
5902.118 9708
5902.13 9685
5902.14 9682
5902.152 9682
5902.162 9684
5902.174 9690
5902.184 9699
5902.194 9716
5902.206 9741
5902.216 9764
5902.228 9790
5902.238 9805
5902.25 9820
5902.26 9836
5902.27 9852
5902.282 9871
5902.292 9882
5902.304 9889
5902.314 9893
5902.326 9894
5902.336 9890
5902.348 9884
5902.358 9874
5902.368 9858
5902.38 9827
5902.39 9782
5902.402 9691
5902.412 9573
5902.424 9366
5902.434 9141
5902.444 8898
5902.456 8625
5902.466 8516
5902.478 8512
5902.488 8637
5902.5 8871
5902.51 9100
5902.52 9290
5902.532 9475
5902.542 9589
5902.554 9687
5902.564 9741
5902.576 9790
5902.586 9819
5902.598 9846
5902.608 9865
5902.618 9878
5902.63 9885
5902.64 9885
5902.652 9884
5902.662 9889
5902.674 9894
5902.684 9895
5902.694 9893
5902.706 9887
5902.716 9884
5902.728 9881
5902.738 9879
5902.75 9875
5902.76 9867
5902.77 9858
5902.782 9852
5902.792 9848
5902.804 9846
5902.814 9845
5902.826 9845
5902.836 9842
5902.848 9841
5902.858 9843
5902.868 9845
5902.88 9852
5902.89 9856
5902.902 9860
5902.912 9864
5902.924 9869
5902.934 9873
5902.944 9879
5902.956 9885
5902.966 9888
5902.978 9890
5902.988 9892
5903 9896
5903.01 9901
5903.02 9906
5903.032 9908
5903.042 9905
5903.054 9899
5903.064 9895
5903.076 9890
5903.086 9887
5903.098 9886
5903.108 9882
5903.118 9879
5903.13 9875
5903.14 9872
5903.152 9867
5903.162 9865
5903.174 9866
5903.184 9870
5903.194 9875
5903.206 9877
5903.216 9876
5903.228 9867
5903.238 9850
5903.25 9814
5903.26 9774
5903.27 9722
5903.282 9629
5903.292 9537
5903.304 9445
5903.314 9414
5903.326 9425
5903.336 9475
5903.348 9568
5903.358 9647
5903.368 9709
5903.38 9762
5903.39 9794
5903.402 9822
5903.412 9836
5903.424 9842
5903.434 9843
5903.444 9839
5903.456 9834
5903.466 9828
5903.478 9811
5903.488 9788
5903.5 9756
5903.51 9728
5903.52 9722
5903.532 9750
5903.542 9789
5903.554 9828
5903.564 9849
5903.576 9861
5903.586 9866
5903.598 9872
5903.608 9871
5903.618 9867
5903.63 9860
5903.64 9855
5903.652 9851
5903.662 9846
5903.674 9836
5903.684 9830
5903.694 9833
5903.706 9844
5903.716 9854
5903.728 9863
5903.738 9865
5903.75 9866
5903.76 9864
5903.77 9862
5903.782 9862
5903.792 9858
5903.804 9849
5903.814 9840
5903.826 9833
5903.836 9834
5903.848 9842
5903.858 9848
5903.868 9848
5903.88 9842
5903.89 9832
5903.902 9813
5903.912 9797
5903.924 9783
5903.934 9777
5903.944 9778
5903.956 9789
5903.966 9806
5903.978 9822
5903.988 9832
5904 9835
5904.01 9831
5904.02 9823
5904.032 9816
5904.042 9814
5904.054 9815
5904.064 9816
5904.076 9820
5904.086 9829
5904.098 9842
5904.108 9848
5904.118 9847
5904.13 9840
5904.14 9831
5904.152 9814
5904.162 9796
5904.174 9775
5904.184 9761
5904.194 9758
5904.206 9769
5904.216 9786
5904.228 9805
5904.238 9820
5904.25 9841
5904.26 9858
5904.27 9866
5904.282 9871
5904.292 9874
5904.304 9875
5904.314 9871
5904.326 9865
5904.336 9859
5904.348 9855
5904.358 9858
5904.368 9866
5904.38 9878
5904.39 9890
5904.402 9901
5904.412 9908
5904.424 9909
5904.434 9907
5904.444 9905
5904.456 9902
5904.466 9901
5904.478 9902
5904.488 9906
5904.5 9910
5904.51 9909
5904.52 9908
5904.532 9911
5904.542 9918
5904.554 9920
5904.564 9914
5904.576 9905
5904.586 9898
5904.598 9893
5904.608 9891
5904.618 9890
5904.63 9890
5904.64 9889
5904.652 9892
5904.662 9897
5904.674 9901
5904.684 9903
5904.694 9904
5904.706 9900
5904.716 9894
5904.728 9887
5904.738 9877
5904.75 9859
5904.76 9843
5904.77 9826
5904.782 9798
5904.792 9767
5904.804 9729
5904.814 9697
5904.826 9658
5904.836 9625
5904.848 9590
5904.858 9564
5904.868 9542
5904.88 9531
5904.89 9537
5904.902 9564
5904.912 9597
5904.924 9642
5904.934 9677
5904.944 9704
5904.956 9731
5904.966 9753
5904.978 9778
5904.988 9797
5905 9811
5905.01 9821
5905.02 9829
5905.032 9838
5905.042 9845
5905.054 9851
5905.064 9855
5905.076 9852
5905.086 9843
5905.098 9830
5905.108 9830
5905.118 9836
5905.13 9847
5905.14 9857
5905.152 9867
5905.162 9870
5905.174 9870
5905.184 9868
5905.194 9866
5905.206 9862
5905.216 9859
5905.228 9850
5905.238 9838
5905.25 9819
5905.26 9796
5905.27 9774
5905.282 9768
5905.292 9784
5905.304 9808
5905.314 9819
5905.326 9817
5905.336 9798
5905.348 9773
5905.358 9760
5905.368 9759
5905.38 9774
5905.39 9791
5905.402 9806
5905.412 9813
5905.424 9821
5905.434 9826
5905.444 9829
5905.456 9826
5905.466 9824
5905.478 9818
5905.488 9810
5905.5 9795
5905.51 9779
5905.52 9752
5905.532 9708
5905.542 9665
5905.554 9595
5905.564 9507
5905.576 9354
5905.586 9144
5905.598 8727
5905.608 8254
5905.618 7680
5905.63 6900
5905.64 6183
5905.652 5411
5905.662 4919
5905.674 4632
5905.684 4731
5905.694 5158
5905.706 5990
5905.716 6775
5905.728 7638
5905.738 8185
5905.75 8687
5905.76 8983
5905.77 9199
5905.782 9394
5905.792 9508
5905.804 9610
5905.814 9671
5905.826 9727
5905.836 9763
5905.848 9795
5905.858 9812
5905.868 9827
5905.88 9840
5905.89 9850
5905.902 9859
5905.912 9866
5905.924 9876
5905.934 9883
5905.944 9886
5905.956 9889
5905.966 9891
5905.978 9892
5905.988 9894
5906 9896
5906.01 9898
5906.02 9900
5906.032 9907
5906.042 9909
5906.054 9905
5906.064 9901
5906.076 9900
5906.086 9898
5906.098 9897
5906.108 9894
5906.118 9890
5906.13 9887
5906.14 9884
5906.152 9883
5906.162 9886
5906.174 9888
5906.184 9887
5906.194 9882
5906.206 9869
5906.216 9857
5906.228 9842
5906.238 9831
5906.25 9816
5906.26 9804
5906.27 9794
5906.282 9797
5906.292 9812
5906.304 9838
5906.314 9859
5906.326 9879
5906.336 9886
5906.348 9892
5906.358 9896
5906.368 9898
5906.38 9892
5906.39 9881
5906.402 9867
5906.412 9849
5906.424 9814
5906.434 9769
5906.444 9710
5906.456 9628
5906.466 9551
5906.478 9461
5906.488 9423
5906.5 9408
5906.51 9438
5906.52 9492
5906.532 9582
5906.542 9652
5906.554 9722
5906.564 9768
5906.576 9804
5906.586 9820
5906.598 9836
5906.608 9846
5906.618 9852
5906.63 9855
5906.64 9858
5906.652 9862
5906.662 9865
5906.674 9867
5906.684 9867
5906.694 9862
5906.706 9848
5906.716 9833
5906.728 9805
5906.738 9768
5906.75 9690
5906.76 9592
5906.77 9472
5906.782 9262
5906.792 9039
5906.804 8756
5906.814 8557
5906.826 8440
5906.836 8440
5906.848 8549
5906.858 8748
5906.868 8960
5906.88 9219
5906.89 9388
5906.902 9536
5906.912 9625
5906.924 9698
5906.934 9742
5906.944 9769
5906.956 9781
5906.966 9781
5906.978 9781
5906.988 9783
5907 9788
5907.01 9795
5907.02 9802
5907.032 9812
5907.042 9822
5907.054 9831
5907.064 9834
5907.076 9839
5907.086 9842
5907.098 9842
5907.108 9840
5907.118 9835
5907.13 9825
5907.14 9818
5907.152 9813
5907.162 9812
5907.174 9807
5907.184 9803
5907.194 9799
5907.206 9793
5907.216 9783
5907.228 9770
5907.238 9766
5907.25 9782
5907.26 9810
5907.27 9841
5907.282 9868
5907.292 9876
5907.304 9865
5907.314 9851
5907.326 9834
5907.336 9823
5907.348 9820
5907.358 9829
5907.368 9844
5907.38 9857
5907.39 9861
5907.402 9862
5907.412 9862
5907.424 9862
5907.434 9859
5907.444 9858
5907.456 9865
5907.466 9878
5907.478 9891
5907.488 9898
5907.5 9903
5907.51 9906
5907.52 9907
5907.532 9906
5907.542 9902
5907.554 9895
5907.564 9887
5907.576 9879
5907.586 9872
5907.598 9864
5907.608 9860
5907.618 9862
5907.63 9869
5907.64 9873
5907.652 9877
5907.662 9883
5907.674 9890
5907.684 9891
5907.694 9885
5907.706 9873
5907.716 9866
5907.728 9862
5907.738 9860
5907.75 9850
5907.76 9827
5907.77 9790
5907.782 9713
5907.792 9620
5907.804 9472
5907.814 9366
5907.826 9271
5907.836 9216
5907.848 9196
5907.858 9218
5907.868 9291
5907.88 9411
5907.89 9514
5907.902 9631
5907.912 9703
5907.924 9768
5907.934 9803
5907.944 9825
5907.956 9840
5907.966 9851
5907.978 9857
5907.988 9857
5908 9857
5908.01 9857
5908.02 9853
5908.032 9852
5908.042 9858
5908.054 9872
5908.064 9881
5908.076 9886
5908.086 9887
5908.098 9896
5908.108 9903
5908.118 9905
5908.13 9899
5908.14 9889
5908.152 9875
5908.162 9856
5908.174 9816
5908.184 9764
5908.194 9697
5908.206 9643
5908.216 9652
5908.228 9713
5908.238 9759
5908.25 9804
5908.26 9831
5908.27 9848
5908.282 9866
5908.292 9882
5908.304 9897
5908.314 9903
5908.326 9909
5908.336 9909
5908.348 9905
5908.358 9899
5908.368 9889
5908.38 9875
5908.39 9867
5908.402 9862
5908.412 9858
5908.424 9851
5908.434 9844
5908.444 9842
5908.456 9847
5908.466 9855
5908.478 9867
5908.488 9880
5908.5 9892
5908.51 9897
5908.52 9900
5908.532 9908
5908.542 9912
5908.554 9910
5908.564 9903
5908.576 9895
5908.586 9892
5908.598 9895
5908.608 9897
5908.618 9896
5908.63 9892
5908.64 9890
5908.652 9887
5908.662 9884
5908.674 9881
5908.684 9882
5908.694 9883
5908.706 9884
5908.716 9884
5908.728 9882
5908.738 9881
5908.75 9883
5908.76 9885
5908.77 9884
5908.782 9878
5908.792 9870
5908.804 9859
5908.814 9853
5908.826 9853
5908.836 9854
5908.848 9850
5908.858 9848
5908.868 9847
5908.88 9847
5908.89 9846
5908.902 9848
5908.912 9844
5908.924 9832
5908.934 9818
5908.944 9801
5908.956 9763
5908.966 9711
5908.978 9613
5908.988 9478
5909 9379
5909.01 9383
5909.02 9492
5909.032 9648
5909.042 9735
5909.054 9791
5909.064 9820
5909.076 9838
5909.086 9842
5909.098 9840
5909.108 9835
5909.118 9827
5909.13 9817
5909.14 9807
5909.152 9795
5909.162 9787
5909.174 9788
5909.184 9798
5909.194 9811
5909.206 9826
5909.216 9838
5909.228 9852
5909.238 9863
5909.25 9876
5909.26 9884
5909.27 9887
5909.282 9888
5909.292 9887
5909.304 9890
5909.314 9892
5909.326 9893
5909.336 9892
5909.348 9890
5909.358 9887
5909.368 9885
5909.38 9881
5909.39 9877
5909.402 9871
5909.412 9867
5909.424 9858
5909.434 9848
5909.444 9837
5909.456 9829
5909.466 9833
5909.478 9847
5909.488 9859
5909.5 9865
5909.51 9867
5909.52 9873
5909.532 9880
5909.542 9882
5909.554 9885
5909.564 9888
5909.576 9891
5909.586 9890
5909.598 9889
5909.608 9893
5909.618 9895
5909.63 9894
5909.64 9895
5909.652 9901
5909.662 9903
5909.674 9898
5909.684 9894
5909.694 9892
5909.706 9891
5909.716 9888
5909.728 9883
5909.738 9879
5909.75 9874
5909.76 9869
5909.77 9859
5909.782 9840
5909.792 9816
5909.804 9783
5909.814 9754
5909.826 9717
5909.836 9687
5909.848 9655
5909.858 9637
5909.868 9620
5909.88 9587
5909.89 9542
5909.902 9450
5909.912 9300
5909.924 8994
5909.934 8614
5909.944 8151
5909.956 7544
5909.966 7120
5909.978 6869
5909.988 6907
5910 7260
5910.01 7699
5910.02 8174
5910.032 8618
5910.042 8897
5910.054 9116
5910.064 9244
5910.076 9347
5910.086 9427
5910.098 9536
5910.108 9613
5910.118 9670
5910.13 9723
5910.14 9742
5910.152 9747
5910.162 9736
5910.174 9700
5910.184 9642
5910.194 9615
5910.206 9632
5910.216 9673
5910.228 9732
5910.238 9770
5910.25 9798
5910.26 9805
5910.27 9805
5910.282 9809
5910.292 9817
5910.304 9821
5910.314 9815
5910.326 9798
5910.336 9790
5910.348 9791
5910.358 9802
5910.368 9819
5910.38 9836
5910.39 9841
5910.402 9844
5910.412 9845
5910.424 9850
5910.434 9855
5910.444 9857
5910.456 9851
5910.466 9838
5910.478 9815
5910.488 9800
5910.5 9801
5910.51 9815
5910.52 9832
5910.532 9849
5910.542 9858
5910.554 9863
5910.564 9860
5910.576 9854
5910.586 9849
5910.598 9837
5910.608 9821
5910.618 9803
5910.63 9785
5910.64 9776
5910.652 9775
5910.662 9782
5910.674 9803
5910.684 9818
5910.694 9824
5910.706 9820
5910.716 9806
5910.728 9779
5910.738 9745
5910.75 9680
5910.76 9583
5910.77 9500
5910.782 9486
5910.792 9544
5910.804 9662
5910.814 9727
5910.826 9775
5910.836 9799
5910.848 9816
5910.858 9825
5910.868 9831
5910.88 9830
5910.89 9827
5910.902 9826
5910.912 9821
5910.924 9817
5910.934 9820
5910.944 9825
5910.956 9836
5910.966 9844
5910.978 9853
5910.988 9859
5911 9867
5911.01 9875
5911.02 9881
5911.032 9890
5911.042 9895
5911.054 9894
5911.064 9891
5911.076 9885
5911.086 9880
5911.098 9871
5911.108 9866
5911.118 9859
5911.13 9854
5911.14 9853
5911.152 9855
5911.162 9858
5911.174 9861
5911.184 9864
5911.194 9864
5911.206 9861
5911.216 9863
5911.228 9869
5911.238 9872
5911.25 9877
5911.26 9884
5911.27 9892
5911.282 9899
5911.292 9901
5911.304 9900
5911.314 9900
5911.326 9902
5911.336 9902
5911.348 9903
5911.358 9907
5911.368 9910
5911.38 9911
5911.39 9908
5911.402 9899
5911.412 9893
5911.424 9886
5911.434 9876
5911.444 9865
5911.456 9854
5911.466 9849
5911.478 9850
5911.488 9854
5911.5 9856
5911.51 9855
5911.52 9856
5911.532 9864
5911.542 9870
5911.554 9877
5911.564 9883
5911.576 9888
5911.586 9894
5911.598 9903
5911.608 9907
5911.618 9908
5911.63 9913
5911.64 9917
5911.652 9918
5911.662 9913
5911.674 9910
5911.684 9912
5911.694 9915
5911.706 9915
5911.716 9912
5911.728 9908
5911.738 9906
5911.75 9902
5911.76 9899
5911.77 9895
5911.782 9892
5911.792 9891
5911.804 9893
5911.814 9895
5911.826 9896
5911.836 9894
5911.848 9886
5911.858 9874
5911.868 9857
5911.88 9840
5911.89 9837
5911.902 9846
5911.912 9856
5911.924 9868
5911.934 9871
5911.944 9864
5911.956 9851
5911.966 9839
5911.978 9824
5911.988 9810
5912 9789
5912.01 9773
5912.02 9761
5912.032 9759
5912.042 9767
5912.054 9774
5912.064 9763
5912.076 9728
5912.086 9687
5912.098 9638
5912.108 9612
5912.118 9604
5912.13 9618
5912.14 9651
5912.152 9703
5912.162 9746
5912.174 9790
5912.184 9822
5912.194 9851
5912.206 9878
5912.216 9890
5912.228 9897
5912.238 9900
5912.25 9900
5912.26 9898
5912.27 9896
5912.282 9892
5912.292 9891
5912.304 9891
5912.314 9891
5912.326 9894
5912.336 9895
5912.348 9896
5912.358 9895
5912.368 9894
5912.38 9892
5912.39 9888
5912.402 9882
5912.412 9876
5912.424 9872
5912.434 9872
5912.444 9872
5912.456 9868
5912.466 9868
5912.478 9867
5912.488 9861
5912.5 9847
5912.51 9835
5912.52 9823
5912.532 9816
5912.542 9816
5912.554 9817
5912.564 9815
5912.576 9813
5912.586 9813
5912.598 9811
5912.608 9806
5912.618 9801
5912.63 9800
5912.64 9801
5912.652 9799
5912.662 9792
5912.674 9775
5912.684 9755
5912.694 9736
5912.706 9731
5912.716 9747
5912.728 9778
5912.738 9807
5912.75 9834
5912.76 9849
5912.77 9859
5912.782 9862
5912.792 9863
5912.804 9867
5912.814 9870
5912.826 9868
5912.836 9865
5912.848 9867
5912.858 9871
5912.868 9875
5912.88 9876
5912.89 9877
5912.902 9877
5912.912 9875
5912.924 9868
5912.934 9861
5912.944 9850
5912.956 9825
5912.966 9789
5912.978 9718
5912.988 9628
5913 9479
5913.01 9461
5913.02 9491
5913.032 9584
5913.042 9687
5913.054 9767
5913.064 9809
5913.076 9842
5913.086 9860
5913.098 9873
5913.108 9879
5913.118 9884
5913.13 9885
5913.14 9881
5913.152 9875
5913.162 9870
5913.174 9866
5913.184 9861
5913.194 9857
5913.206 9857
5913.216 9863
5913.228 9872
5913.238 9881
5913.25 9889
5913.26 9892
5913.27 9892
5913.282 9891
5913.292 9885
5913.304 9875
5913.314 9863
5913.326 9850
5913.336 9841
5913.348 9835
5913.358 9833
5913.368 9832
5913.38 9843
5913.39 9856
5913.402 9870
5913.412 9880
5913.424 9889
5913.434 9893
5913.444 9895
5913.456 9900
5913.466 9904
5913.478 9905
5913.488 9906
5913.5 9904
5913.51 9901
5913.52 9898
5913.532 9896
5913.542 9896
5913.554 9896
5913.564 9895
5913.576 9891
5913.586 9889
5913.598 9890
5913.608 9891
5913.618 9884
5913.63 9868
5913.64 9856
5913.652 9850
5913.662 9847
5913.674 9844
5913.684 9843
5913.694 9843
5913.706 9837
5913.716 9831
5913.728 9824
5913.738 9819
5913.75 9817
5913.76 9819
5913.77 9822
5913.782 9822
5913.792 9819
5913.804 9809
5913.814 9801
5913.826 9797
5913.836 9793
5913.848 9790
5913.858 9790
5913.868 9794
5913.88 9791
5913.89 9781
5913.902 9767
5913.912 9754
5913.924 9735
5913.934 9717
5913.944 9697
5913.956 9667
5913.966 9634
5913.978 9582
5913.988 9522
5914 9420
5914.01 9310
5914.02 9164
5914.032 8894
5914.042 8584
5914.054 8098
5914.064 7585
5914.076 6819
5914.086 6140
5914.098 5284
5914.108 4598
5914.118 4086
5914.13 3677
5914.14 3572
5914.152 3692
5914.162 3843
5914.174 3974
5914.184 3915
5914.194 3734
5914.206 3430
5914.216 3255
5914.228 3299
5914.238 3626
5914.25 4362
5914.26 5226
5914.27 6125
5914.282 7026
5914.292 7650
5914.304 8203
5914.314 8553
5914.326 8874
5914.336 9066
5914.348 9230
5914.358 9353
5914.368 9441
5914.38 9522
5914.39 9580
5914.402 9634
5914.412 9670
5914.424 9704
5914.434 9728
5914.444 9750
5914.456 9770
5914.466 9778
5914.478 9780
5914.488 9775
5914.5 9771
5914.51 9771
5914.52 9775
5914.532 9785
5914.542 9791
5914.554 9792
5914.564 9792
5914.576 9791
5914.586 9790
5914.598 9791
5914.608 9791
5914.618 9790
5914.63 9796
5914.64 9805
5914.652 9820
5914.662 9838
5914.674 9855
5914.684 9862
5914.694 9865
5914.706 9870
5914.716 9878
5914.728 9887
5914.738 9890
5914.75 9891
5914.76 9893
5914.77 9896
5914.782 9903
5914.792 9903
5914.804 9905
5914.814 9906
5914.826 9904
5914.836 9901
5914.848 9899
5914.858 9890
5914.868 9883
5914.88 9878
5914.89 9867
5914.902 9842
5914.912 9816
5914.924 9788
5914.934 9774
5914.944 9774
5914.956 9789
5914.966 9803
5914.978 9821
5914.988 9835
5915 9844
5915.01 9845
5915.02 9846
5915.032 9849
5915.042 9857
5915.054 9869
5915.064 9873
5915.076 9868
5915.086 9865
5915.098 9865
5915.108 9861
5915.118 9855
5915.13 9852
5915.14 9853
5915.152 9853
5915.162 9854
5915.174 9856
5915.184 9858
5915.194 9859
5915.206 9861
5915.216 9862
5915.228 9864
5915.238 9868
5915.25 9876
5915.26 9881
5915.27 9880
5915.282 9874
5915.292 9867
5915.304 9863
5915.314 9862
5915.326 9864
5915.336 9865
5915.348 9865
5915.358 9861
5915.368 9856
5915.38 9848
5915.39 9839
5915.402 9815
5915.412 9784
5915.424 9741
5915.434 9715
5915.444 9703
5915.456 9704
5915.466 9706
5915.478 9695
5915.488 9669
5915.5 9616
5915.51 9557
5915.52 9506
5915.532 9462
5915.542 9398
5915.554 9350
5915.564 9327
5915.576 9342
5915.586 9379
5915.598 9460
5915.608 9510
5915.618 9551
5915.63 9591
5915.64 9623
5915.652 9708
5915.662 9763
5915.674 9809
5915.684 9835
5915.694 9853
5915.706 9868
5915.716 9876
5915.728 9879
5915.738 9881
5915.75 9888
5915.76 9892
5915.77 9892
5915.782 9885
5915.792 9880
5915.804 9880
5915.814 9882
5915.826 9882
5915.836 9873
5915.848 9857
5915.858 9849
5915.868 9853
5915.88 9860
5915.89 9852
5915.902 9831
5915.912 9810
5915.924 9779
5915.934 9746
5915.944 9712
5915.956 9683
5915.966 9668
5915.978 9649
5915.988 9639
5916 9637
